0,273
0,270
3,2
3,1
3,3
10,75
8,6
10,74
10,300
10,110
10,4
10,130
10,196
10,102
10,1
10,216
10,2
10,3
11,15
11,8
11,10
11,28
11,7
11,16
11,1
11,4
11,2
11,3
9,7
9,4
9,1
9,6
9,2
9,3
8,4
8,12
8,11
8,1
8,16
8,2
8,3
12,2
12,1
12,3
20,2
20,1
20,3
19,2
19,1
19,3
18,1
18,3
14,1
14,3
13,1
13,3
218,4
218,3
218,2
218,1
218,0
217,6
217,5
217,4
217,3
217,2
217,1
217,0
214,5
214,4
214,3
214,2
214,1
214,0
211,6
211,5
211,4
211,3
211,2
211,1
211,0
208,5
208,4
208,3
208,2
208,1
2,2
208,0
205,3
2,1
205,2
205,1
2,3
205,0
202,3
202,2
202,1
202,0
201,4
201,3
201,2
201,1
201,0
199,5
199,4
199,3
199,2
199,1
199,0
198,4
198,3
198,2
198,1
198,0
197,4
197,3
